         2.0000000000E-02         4.2766379961E-04
         4.0000000000E-02         1.9035636457E-03
         6.0000000000E-02         4.1170904210E-03
         8.0000000000E-02         6.9439570241E-03
         1.0000000000E-01         1.0140320754E-02
         1.2000000000E-01         1.3600224633E-02
         1.4000000000E-01         1.7151602593E-02
         1.6000000000E-01         2.0716418240E-02
         1.8000000000E-01         2.4174384950E-02
         2.0000000000E-01         2.7473816761E-02
         2.2000000000E-01         3.0533326905E-02
         2.4000000000E-01         3.3323405597E-02
         2.6000000000E-01         3.5792231839E-02
         2.8000000000E-01         3.7928087049E-02
         3.0000000000E-01         3.9701744610E-02
         3.2000000000E-01         4.1115330530E-02
         3.4000000000E-01         4.2156617110E-02
         3.6000000000E-01         4.2838315661E-02
         3.8000000000E-01         4.3161020478E-02
         4.0000000000E-01         4.3145051032E-02
         4.2000000000E-01         4.2800342930E-02
         4.4000000000E-01         4.2152653235E-02
         4.6000000000E-01         4.1218612651E-02
         4.8000000000E-01         4.0027305929E-02
         5.0000000000E-01         3.8599892057E-02
         5.2000000000E-01         3.6967222555E-02
         5.4000000000E-01         3.5153213041E-02
         5.6000000000E-01         3.3189255215E-02
         5.8000000000E-01         3.1100507856E-02
         6.0000000000E-01         2.8917819700E-02
         6.2000000000E-01         2.6666499408E-02
         6.4000000000E-01         2.4376013123E-02
         6.6000000000E-01         2.2070742100E-02
         6.8000000000E-01         1.9778087263E-02
         7.0000000000E-01         1.7520957170E-02
         7.2000000000E-01         1.5324003806E-02
         7.4000000000E-01         1.3207941788E-02
         7.6000000000E-01         1.1194426263E-02
         7.8000000000E-01         9.3015137522E-03
         8.0000000000E-01         7.5474860701E-03
         8.2000000000E-01         5.9473816787E-03
         8.4000000000E-01         4.5159345134E-03
         8.6000000000E-01         3.2649823815E-03
         8.8000000000E-01         2.2055438967E-03
         9.0000000000E-01         1.3461146493E-03
         9.2000000000E-01         6.9396165528E-04
         9.4000000000E-01         2.5418292428E-04
         9.6000000000E-01         3.0396066310E-05
         9.8000000000E-01         2.4292416779E-05
         1.0000000000E+00         2.3593092596E-04
         1.0200000000E+00         6.6374877294E-04
         1.0400000000E+00         1.3044111443E-03
         1.0600000000E+00         2.1532851741E-03
         1.0800000000E+00         3.2038885110E-03
         1.1000000000E+00         4.4487426668E-03
         1.1200000000E+00         5.8785179684E-03
         1.1400000000E+00         7.4832122873E-03
         1.1600000000E+00         9.2509806573E-03
         1.1800000000E+00         1.1169661683E-02
         1.2000000000E+00         1.3225229789E-02
         1.2200000000E+00         1.5403769923E-02
         1.2400000000E+00         1.7689592641E-02
         1.2600000000E+00         2.0067300079E-02
         1.2800000000E+00         2.2520084408E-02
         1.3000000000E+00         2.5031529457E-02
         1.3200000000E+00         2.7583990826E-02
         1.3400000000E+00         3.0160616170E-02
         1.3600000000E+00         3.2743621377E-02
         1.3800000000E+00         3.5315855478E-02
         1.4000000000E+00         3.7859792468E-02
         1.4200000000E+00         4.0358717803E-02
         1.4400000000E+00         4.2795599489E-02
         1.4600000000E+00         4.5154770435E-02
         1.4800000000E+00         4.7420214816E-02
         1.5000000000E+00         4.9577431497E-02
         1.5200000000E+00         5.1611657472E-02
         1.5400000000E+00         5.3510316892E-02
         1.5600000000E+00         5.5260448750E-02
         1.5800000000E+00         5.6851160788E-02
         1.6000000000E+00         5.8271796788E-02
         1.6200000000E+00         5.9513660970E-02
         1.6400000000E+00         6.0568358266E-02
         1.6600000000E+00         6.1429708741E-02
         1.6800000000E+00         6.2091852412E-02
         1.7000000000E+00         6.2551106617E-02
         1.7200000000E+00         6.2804380993E-02
         1.7400000000E+00         6.2850747951E-02
         1.7600000000E+00         6.2689613676E-02
         1.7800000000E+00         6.2322848796E-02
         1.8000000000E+00         6.1752582415E-02
         1.8200000000E+00         6.0983350079E-02
         1.8400000000E+00         6.0019918971E-02
         1.8600000000E+00         5.8869163249E-02
         1.8800000000E+00         5.7538595406E-02
         1.9000000000E+00         5.6037335026E-02
         1.9200000000E+00         5.4375141713E-02
         1.9400000000E+00         5.2563272343E-02
         1.9600000000E+00         5.0613346710E-02
         1.9800000000E+00         4.8538532622E-02
         2.0000000000E+00         4.6352341691E-02
         2.0200000000E+00         4.4069265744E-02
         2.0400000000E+00         4.1704031708E-02
         2.0600000000E+00         3.9272388694E-02
         2.0800000000E+00         3.6789999554E-02
         2.1000000000E+00         3.4273178838E-02
         2.1200000000E+00         3.1738332512E-02
         2.1400000000E+00         2.9201964957E-02
         2.1600000000E+00         2.6680537814E-02
         2.1800000000E+00         2.4190524782E-02
         2.2000000000E+00         2.1747987705E-02
         2.2200000000E+00         1.9368996235E-02
         2.2400000000E+00         1.7068722356E-02
         2.2600000000E+00         1.4862268174E-02
         2.2800000000E+00         1.2763783105E-02
         2.3000000000E+00         1.0787072376E-02
         2.3200000000E+00         8.9446674503E-03
         2.3400000000E+00         7.2486961389E-03
         2.3600000000E+00         5.7099805982E-03
         2.3800000000E+00         4.3385496445E-03
         2.4000000000E+00         3.1432262923E-03
         2.4200000000E+00         2.1317634799E-03
         2.4400000000E+00         1.3106487392E-03
         2.4600000000E+00         6.8520921596E-04
         2.4800000000E+00         2.5945969526E-04
         2.5000000000E+00         3.6157041199E-05
         2.5200000000E+00         1.6739962666E-05
         2.5400000000E+00         2.0132495019E-04
         2.5600000000E+00         5.8873713689E-04
         2.5800000000E+00         1.1764674562E-03
         2.6000000000E+00         1.9607652506E-03
         2.6200000000E+00         2.9365095765E-03
         2.6400000000E+00         4.0975100987E-03
         2.6600000000E+00         5.4362140079E-03
         2.6800000000E+00         6.9440968167E-03
         2.7000000000E+00         8.6113514570E-03
         2.7200000000E+00         1.0427379947E-02
         2.7400000000E+00         1.2380401339E-02
         2.7600000000E+00         1.4457919137E-02
         2.7800000000E+00         1.6646567026E-02
         2.8000000000E+00         1.8932344202E-02
         2.8200000000E+00         2.1300356943E-02
         2.8400000000E+00         2.3735635260E-02
         2.8600000000E+00         2.6222448595E-02
         2.8800000000E+00         2.8744833660E-02
         2.9000000000E+00         3.1286617145E-02
         2.9200000000E+00         3.3831362642E-02
         2.9400000000E+00         3.6362905154E-02
         2.9600000000E+00         3.8864910526E-02
         2.9800000000E+00         4.1321227245E-02
         3.0000000000E+00         4.3716352595E-02
         3.0200000000E+00         4.6034686288E-02
         3.0400000000E+00         4.8261505482E-02
         3.0600000000E+00         5.0382471834E-02
         3.0800000000E+00         5.2383891546E-02
         3.1000000000E+00         5.4253085707E-02
         3.1200000000E+00         5.5977984979E-02
         3.1400000000E+00         5.7547544577E-02
         3.1600000000E+00         5.8951794169E-02
         3.1800000000E+00         6.0181613770E-02
         3.2000000000E+00         6.1229209372E-02
         3.2200000000E+00         6.2087845454E-02
         3.2400000000E+00         6.2752064878E-02
         3.2600000000E+00         6.3217461160E-02
         3.2800000000E+00         6.3481311604E-02
         3.3000000000E+00         6.3541704658E-02
         3.3200000000E+00         6.3398493910E-02
         3.3400000000E+00         6.3052379245E-02
         3.3600000000E+00         6.2505805047E-02
         3.3800000000E+00         6.1762094736E-02
         3.4000000000E+00         6.0826119510E-02
         3.4200000000E+00         5.9703911564E-02
         3.4400000000E+00         5.8402670303E-02
         3.4600000000E+00         5.6930591280E-02
         3.4800000000E+00         5.5297431026E-02
         3.5000000000E+00         5.3513419498E-02
         3.5200000000E+00         5.1590058036E-02
         3.5400000000E+00         4.9539701867E-02
         3.5600000000E+00         4.7375460521E-02
         3.5800000000E+00         4.5111216701E-02
         3.6000000000E+00         4.2761568028E-02
         3.6200000000E+00         4.0341523588E-02
         3.6400000000E+00         3.7866587540E-02
         3.6600000000E+00         3.5352580095E-02
         3.6800000000E+00         3.2815717601E-02
         3.7000000000E+00         3.0272138779E-02
         3.7200000000E+00         2.7738257524E-02
         3.7400000000E+00         2.5230218855E-02
         3.7600000000E+00         2.2764181290E-02
         3.7800000000E+00         2.0355877189E-02
         3.8000000000E+00         1.8020759001E-02
         3.8200000000E+00         1.5773784771E-02
         3.8400000000E+00         1.3629368929E-02
         3.8600000000E+00         1.1601204201E-02
         3.8800000000E+00         9.7023498606E-03
         3.9000000000E+00         7.9449093698E-03
         3.9200000000E+00         6.3401718752E-03
         3.9400000000E+00         4.8984079331E-03
         3.9600000000E+00         3.6288430444E-03
         3.9800000000E+00         2.5396142634E-03
         4.0000000000E+00         1.6377251712E-03
         4.0200000000E+00         9.2891178434E-04
         4.0400000000E+00         4.1773238753E-04
         4.0600000000E+00         1.0745498879E-04
         4.0800000000E+00         7.6936936075E-08
         4.1000000000E+00         9.6275846954E-05
         4.1200000000E+00         3.9543560648E-04
         4.1400000000E+00         8.9565141094E-04
         4.1600000000E+00         1.5937028693E-03
         4.1800000000E+00         2.4851448998E-03
         4.2000000000E+00         3.5642388772E-03
         4.2200000000E+00         4.8240976085E-03
         4.2400000000E+00         6.2566614235E-03
         4.2600000000E+00         7.8527187691E-03
         4.2800000000E+00         9.6020772980E-03
         4.3000000000E+00         1.1493542403E-02
         4.3200000000E+00         1.3515029898E-02
         4.3400000000E+00         1.5653539874E-02
         4.3600000000E+00         1.7895406571E-02
         4.3800000000E+00         2.0226270014E-02
         4.4000000000E+00         2.2631274510E-02
         4.4200000000E+00         2.5094943879E-02
         4.4400000000E+00         2.7601498023E-02
         4.4600000000E+00         3.0134941991E-02
         4.4800000000E+00         3.2679044168E-02
         4.5000000000E+00         3.5217560309E-02
         4.5200000000E+00         3.7734146808E-02
         4.5400000000E+00         4.0212787966E-02
         4.5600000000E+00         4.2637463968E-02
         4.5800000000E+00         4.4992940652E-02
         4.6000000000E+00         4.7263897457E-02
         4.6200000000E+00         4.9435834014E-02
         4.6400000000E+00         5.1494912113E-02
         4.6600000000E+00         5.3427950185E-02
         4.6800000000E+00         5.5222553017E-02
         4.7000000000E+00         5.6867221940E-02
         4.7200000000E+00         5.8351424131E-02
         4.7400000000E+00         5.9665724181E-02
         4.7600000000E+00         6.0801671004E-02
         4.7800000000E+00         6.1752001460E-02
         4.8000000000E+00         6.2510592076E-02
         4.8200000000E+00         6.3072724706E-02
         4.8400000000E+00         6.3434529492E-02
         4.8600000000E+00         6.3594145918E-02
         4.8800000000E+00         6.3550062341E-02
         4.9000000000E+00         6.3302875739E-02
         4.9200000000E+00         6.2853997944E-02
         4.9400000000E+00         6.2206500513E-02
         4.9600000000E+00         6.1364301401E-02
         4.9800000000E+00         6.0332919297E-02
         5.0000000000E+00         5.9118947505E-02
         5.0200000000E+00         5.7730087829E-02
         5.0400000000E+00         5.6175383383E-02
         5.0600000000E+00         5.4464669588E-02
         5.0800000000E+00         5.2608906715E-02
         5.1000000000E+00         5.0620020445E-02
         5.1200000000E+00         4.8510589005E-02
         5.1400000000E+00         4.6294302791E-02
         5.1600000000E+00         4.3985247143E-02
         5.1800000000E+00         4.1598247441E-02
         5.2000000000E+00         3.9148511412E-02
         5.2200000000E+00         3.6651808723E-02
         5.2400000000E+00         3.4124020675E-02
         5.2600000000E+00         3.1581453244E-02
         5.2800000000E+00         2.9040218963E-02
         5.3000000000E+00         2.6516705500E-02
         5.3200000000E+00         2.4026986107E-02
         5.3400000000E+00         2.1587037268E-02
         5.3600000000E+00         1.9212421042E-02
         5.3800000000E+00         1.6918414537E-02
         5.4000000000E+00         1.4719647103E-02
         5.4200000000E+00         1.2630179713E-02
         5.4400000000E+00         1.0663412692E-02
         5.4600000000E+00         8.8319315499E-03
         5.4800000000E+00         7.1473763221E-03
         5.5000000000E+00         5.6206410809E-03
         5.5200000000E+00         4.2614385774E-03
         5.5400000000E+00         3.0784636690E-03
         5.5600000000E+00         2.0793086636E-03
         5.5800000000E+00         1.2703436287E-03
         5.6000000000E+00         6.5676499305E-04
         5.6200000000E+00         2.4248144863E-04
         5.6400000000E+00         3.0155032269E-05
         5.6600000000E+00         2.1139372068E-05
         5.6800000000E+00         2.1549650611E-04
         5.7000000000E+00         6.1197437092E-04
         5.7200000000E+00         1.2080592548E-03
         5.7400000000E+00         1.9998908582E-03
         5.7600000000E+00         2.9824507598E-03
         5.7800000000E+00         4.1494387538E-03
         5.8000000000E+00         5.4933566663E-03
         5.8200000000E+00         7.0056396902E-03
         5.8400000000E+00         8.6766296114E-03
         5.8600000000E+00         1.0495573793E-02
         5.8800000000E+00         1.2450859225E-02
         5.9000000000E+00         1.4530035188E-02
         5.9200000000E+00         1.6719740245E-02
         5.9400000000E+00         1.9005918891E-02
         5.9600000000E+00         2.1374017583E-02
         5.9800000000E+00         2.3808919753E-02
         6.0000000000E+00         2.6294900131E-02
         6.0200000000E+00         2.8816199027E-02
         6.0400000000E+00         3.1356637039E-02
         6.0600000000E+00         3.3899922651E-02
         6.0800000000E+00         3.6429816638E-02
         6.1000000000E+00         3.8930181317E-02
         6.1200000000E+00         4.1384930614E-02
         6.1400000000E+00         4.3778377488E-02
         6.1600000000E+00         4.6095235949E-02
         6.1800000000E+00         4.8320739016E-02
         6.2000000000E+00         5.0440507645E-02
         6.2200000000E+00         5.2441095256E-02
         6.2400000000E+00         5.4309647111E-02
         6.2600000000E+00         5.6034238721E-02
         6.2800000000E+00         5.7603760639E-02
         6.3000000000E+00         5.9008337205E-02
         6.3200000000E+00         6.0238778236E-02
         6.3400000000E+00         6.1287426816E-02
         6.3600000000E+00         6.2147375629E-02
         6.3800000000E+00         6.2813233617E-02
         6.4000000000E+00         6.3280781573E-02
         6.4200000000E+00         6.3546863012E-02
         6.4400000000E+00         6.3609948635E-02
         6.4600000000E+00         6.3469544749E-02
         6.4800000000E+00         6.3126571912E-02
         6.5000000000E+00         6.2583222726E-02
         6.5200000000E+00         6.1842910047E-02
         6.5400000000E+00         6.0910427020E-02
         6.5600000000E+00         5.9791827202E-02
         6.5800000000E+00         5.8494235621E-02
         6.6000000000E+00         5.7025772547E-02
         6.6200000000E+00         5.5396093663E-02
         6.6400000000E+00         5.3615469578E-02
         6.6600000000E+00         5.1695106674E-02
         6.6800000000E+00         4.9647719579E-02
         6.7000000000E+00         4.7486204969E-02
         6.7200000000E+00         4.5224360361E-02
         6.7400000000E+00         4.2876613852E-02
         6.7600000000E+00         4.0458044094E-02
         6.7800000000E+00         3.7984166627E-02
         6.8000000000E+00         3.5470797686E-02
         6.8200000000E+00         3.2933973134E-02
         6.8400000000E+00         3.0389914398E-02
         6.8600000000E+00         2.7854926475E-02
         6.8800000000E+00         2.5345235898E-02
         6.9000000000E+00         2.2876883332E-02
         6.9200000000E+00         2.0465643320E-02
         6.9400000000E+00         1.8126979939E-02
         6.9600000000E+00         1.5875821085E-02
         6.9800000000E+00         1.3726603835E-02
         7.0000000000E+00         1.1693026083E-02
         7.0200000000E+00         9.7881592881E-03
         7.0400000000E+00         8.0241407087E-03
         7.0600000000E+00         6.4122823251E-03
         7.0800000000E+00         4.9628937930E-03
         7.1000000000E+00         3.6852294830E-03
         7.1200000000E+00         2.5874745509E-03
         7.1400000000E+00         1.6766549073E-03
         7.1600000000E+00         9.5860452383E-04
         7.1800000000E+00         4.3789932933E-04
         7.2000000000E+00         1.1788074496E-04
         7.2200000000E+00         5.9471888136E-07
         7.2400000000E+00         8.6789230406E-05
         7.2600000000E+00         3.7591745397E-04
         7.2800000000E+00         8.6612804476E-04
         7.3000000000E+00         1.5542824675E-03
         7.3200000000E+00         2.4359736672E-03
         7.3400000000E+00         3.5055746055E-03
         7.3600000000E+00         4.7562373976E-03
         7.3800000000E+00         6.1799604753E-03
         7.4000000000E+00         7.7676336536E-03
         7.4200000000E+00         9.5090748853E-03
         7.4400000000E+00         1.1393199724E-02
         7.4600000000E+00         1.3407942029E-02
         7.4800000000E+00         1.5540357084E-02
         7.5000000000E+00         1.7776854452E-02
         7.5200000000E+00         2.0103089985E-02
         7.5400000000E+00         2.2504255534E-02
         7.5600000000E+00         2.4964925382E-02
         7.5800000000E+00         2.7469360927E-02
         7.6000000000E+00         3.0001563167E-02
         7.6200000000E+00         3.2545298673E-02
         7.6400000000E+00         3.5084360177E-02
         7.6600000000E+00         3.7602457402E-02
         7.6800000000E+00         4.0083464059E-02
         7.7000000000E+00         4.2511554494E-02
         7.7200000000E+00         4.4871188804E-02
         7.7400000000E+00         4.7147208266E-02
         7.7600000000E+00         4.9325131451E-02
         7.7800000000E+00         5.1391006073E-02
         7.8000000000E+00         5.3331634068E-02
         7.8200000000E+00         5.5134534205E-02
         7.8400000000E+00         5.6788233476E-02
         7.8600000000E+00         5.8282121512E-02
         7.8800000000E+00         5.9606694195E-02
         7.9000000000E+00         6.0753301967E-02
         7.9200000000E+00         6.1714841440E-02
         7.9400000000E+00         6.2485157910E-02
         7.9600000000E+00         6.3059110621E-02
         7.9800000000E+00         6.3433238500E-02
         8.0000000000E+00         6.3604974452E-02
         8.0200000000E+00         6.3573312622E-02
         8.0400000000E+00         6.3338467463E-02
         8.0600000000E+00         6.2901954666E-02
         8.0800000000E+00         6.2266426827E-02
         8.1000000000E+00         6.1436102290E-02
         8.1200000000E+00         6.0416310178E-02
         8.1400000000E+00         5.9213505488E-02
         8.1600000000E+00         5.7835351622E-02
         8.1800000000E+00         5.6290722303E-02
         8.2000000000E+00         5.4589461926E-02
         8.2200000000E+00         5.2742454046E-02
         8.2400000000E+00         5.0761595685E-02
         8.2600000000E+00         4.8659435216E-02
         8.2800000000E+00         4.6449492368E-02
         8.3000000000E+00         4.4145940885E-02
         8.3200000000E+00         4.1763418949E-02
         8.3400000000E+00         3.9317182936E-02
         8.3600000000E+00         3.6822914096E-02
         8.3800000000E+00         3.4296625412E-02
         8.4000000000E+00         3.1754398763E-02
         8.4200000000E+00         2.9212510055E-02
         8.4400000000E+00         2.6687247640E-02
         8.4600000000E+00         2.4194743012E-02
         8.4800000000E+00         2.1750949635E-02
         8.5000000000E+00         1.9371443913E-02
         8.5200000000E+00         1.7071577966E-02
         8.5400000000E+00         1.4865924540E-02
         8.5600000000E+00         1.2768678446E-02
         8.5800000000E+00         1.0793205240E-02
         8.6000000000E+00         8.9521918300E-03
         8.6200000000E+00         7.2574241263E-03
         8.6400000000E+00         5.7196481088E-03
         8.6600000000E+00         4.3487907735E-03
         8.6800000000E+00         3.1535932439E-03
         8.7000000000E+00         2.1416988833E-03
         8.7200000000E+00         1.3195763352E-03
         8.7400000000E+00         6.9251299920E-04
         8.7600000000E+00         2.6448432885E-04
         8.7800000000E+00         3.8245014645E-05
         8.8000000000E+00         1.5243234707E-05
         8.8200000000E+00         1.9562398508E-04
         8.8400000000E+00         5.7822621734E-04
         8.8600000000E+00         1.1606093745E-03
         8.8800000000E+00         1.9390673772E-03
         8.9000000000E+00         2.9085875872E-03
         8.9200000000E+00         4.0629645686E-03
         8.9400000000E+00         5.3948595405E-03
         8.9600000000E+00         6.8956987678E-03
         8.9800000000E+00         8.5559109705E-03
         9.0000000000E+00         1.0364896168E-02
         9.0200000000E+00         1.2311025320E-02
         9.0400000000E+00         1.4381886335E-02
         9.0600000000E+00         1.6564225831E-02
         9.0800000000E+00         1.8844125120E-02
         9.1000000000E+00         2.1206919663E-02
         9.1200000000E+00         2.3637568623E-02
         9.1400000000E+00         2.6120444106E-02
         9.1600000000E+00         2.8639725784E-02
         9.1800000000E+00         3.1179298886E-02
         9.2000000000E+00         3.3722917239E-02
         9.2200000000E+00         3.6254276285E-02
         9.2400000000E+00         3.8757142916E-02
         9.2600000000E+00         4.1215589378E-02
         9.2800000000E+00         4.3613970224E-02
         9.3000000000E+00         4.5936686960E-02
         9.3200000000E+00         4.8169078090E-02
         9.3400000000E+00         5.0296921652E-02
         9.3600000000E+00         5.2306377845E-02
         9.3800000000E+00         5.4184741039E-02
         9.4000000000E+00         5.5919973337E-02
         9.4200000000E+00         5.7500987592E-02
         9.4400000000E+00         5.8917619514E-02
         9.4600000000E+00         6.0160897408E-02
         9.4800000000E+00         6.1222812531E-02
         9.5000000000E+00         6.2096540458E-02
         9.5200000000E+00         6.2776481109E-02
         9.5400000000E+00         6.3258388399E-02
         9.5600000000E+00         6.3539162710E-02
         9.5800000000E+00         6.3616874948E-02
         9.6000000000E+00         6.3491113668E-02
         9.6200000000E+00         6.3162750818E-02
         9.6400000000E+00         6.2633838572E-02
         9.6600000000E+00         6.1907685412E-02
         9.6800000000E+00         6.0989015590E-02
         9.7000000000E+00         5.9883735300E-02
         9.7200000000E+00         5.8598778078E-02
         9.7400000000E+00         5.7142456989E-02
         9.7600000000E+00         5.5524173269E-02
         9.7800000000E+00         5.3754153527E-02
         9.8000000000E+00         5.1843708079E-02
         9.8200000000E+00         4.9805152354E-02
         9.8400000000E+00         4.7651456088E-02
         9.8600000000E+00         4.5396425926E-02
         9.8800000000E+00         4.3054509168E-02
         9.9000000000E+00         4.0640629525E-02
         9.9200000000E+00         3.8170246214E-02
         9.9400000000E+00         3.5659163120E-02
         9.9600000000E+00         3.3123482103E-02
         9.9800000000E+00         3.0579397258E-02
         1.0000000000E+01         2.8043158358E-02
         1.0020000000E+01         2.5531031598E-02
         1.0040000000E+01         2.3059043603E-02
         1.0060000000E+01         2.0643033732E-02
         1.0080000000E+01         1.8298462176E-02
         1.0100000000E+01         1.6040308004E-02
         1.0120000000E+01         1.3883025556E-02
         1.0140000000E+01         1.1840404677E-02
         1.0160000000E+01         9.9255247015E-03
         1.0180000000E+01         8.1506341932E-03
         1.0200000000E+01         6.5270879868E-03
         1.0220000000E+01         5.0652571594E-03
         1.0240000000E+01         3.7745084575E-03
         1.0260000000E+01         2.6630900065E-03
         1.0280000000E+01         1.7381176903E-03
         1.0300000000E+01         1.0054961627E-03
         1.0320000000E+01         4.6991734579E-04
         1.0340000000E+01         1.3481943233E-04
         1.0360000000E+01         2.3286070648E-06
         1.0380000000E+01         7.3301244066E-05
         1.0400000000E+01         3.4728210550E-04
         1.0420000000E+01         8.2252226593E-04
         1.0440000000E+01         1.4959755464E-03
         1.0460000000E+01         2.3633275784E-03
         1.0480000000E+01         3.4190714875E-03
         1.0500000000E+01         4.6563765021E-03
         1.0520000000E+01         6.0673953259E-03
         1.0540000000E+01         7.6430807910E-03
         1.0560000000E+01         9.3733473702E-03
         1.0580000000E+01         1.1247115941E-02
         1.0600000000E+01         1.3252435118E-02
         1.0620000000E+01         1.5376464275E-02
         1.0640000000E+01         1.7605578409E-02
         1.0660000000E+01         1.9925607241E-02
         1.0680000000E+01         2.2321583494E-02
         1.0700000000E+01         2.4778307744E-02
         1.0720000000E+01         2.7280011316E-02
         1.0740000000E+01         2.9810729103E-02
         1.0760000000E+01         3.2354109875E-02
         1.0780000000E+01         3.4894046903E-02
         1.0800000000E+01         3.7414287985E-02
         1.0820000000E+01         3.9898644025E-02
         1.0840000000E+01         4.2331298051E-02
         1.0860000000E+01         4.4696585145E-02
         1.0880000000E+01         4.6979475542E-02
         1.0900000000E+01         4.9165341229E-02
         1.0920000000E+01         5.1240180446E-02
         1.0940000000E+01         5.3190643673E-02
         1.0960000000E+01         5.5004425587E-02
         1.0980000000E+01         5.6669845505E-02
         1.1000000000E+01         5.8176202813E-02
         1.1020000000E+01         5.9513840833E-02
         1.1040000000E+01         6.0674390930E-02
         1.1060000000E+01         6.1650242094E-02
         1.1080000000E+01         6.2435150441E-02
         1.1100000000E+01         6.3024286152E-02
         1.1120000000E+01         6.3413641026E-02
         1.1140000000E+01         6.3600823908E-02
         1.1160000000E+01         6.3584718339E-02
         1.1180000000E+01         6.3365294604E-02
         1.1200000000E+01         6.2944038643E-02
         1.1220000000E+01         6.2323659069E-02
         1.1240000000E+01         6.1507991953E-02
         1.1260000000E+01         6.0502397998E-02
         1.1280000000E+01         5.9313258047E-02
         1.1300000000E+01         5.7948239551E-02
         1.1320000000E+01         5.6416024276E-02
         1.1340000000E+01         5.4726360801E-02
         1.1360000000E+01         5.2890098845E-02
         1.1380000000E+01         5.0919000527E-02
         1.1400000000E+01         4.8825670761E-02
         1.1420000000E+01         4.6623458692E-02
         1.1440000000E+01         4.4326495861E-02
         1.1460000000E+01         4.1949484144E-02
         1.1480000000E+01         3.9507641792E-02
         1.1500000000E+01         3.7016513307E-02
         1.1520000000E+01         3.4492050196E-02
         1.1540000000E+01         3.1950468591E-02
         1.1560000000E+01         2.9408016357E-02
         1.1580000000E+01         2.6880848768E-02
         1.1600000000E+01         2.4385275777E-02
         1.1620000000E+01         2.1937122352E-02
         1.1640000000E+01         1.9552124337E-02
         1.1660000000E+01         1.7245611937E-02
         1.1680000000E+01         1.5032215367E-02
         1.1700000000E+01         1.2926149258E-02
         1.1720000000E+01         1.0940855795E-02
         1.1740000000E+01         9.0890523854E-03
         1.1760000000E+01         7.3825922980E-03
         1.1780000000E+01         5.8324018355E-03
         1.1800000000E+01         4.4483691097E-03
         1.1820000000E+01         3.2393099678E-03
         1.1840000000E+01         2.2130578182E-03
         1.1860000000E+01         1.3761113638E-03
         1.1880000000E+01         7.3383739205E-04
         1.1900000000E+01         2.9034995373E-04
         1.1920000000E+01         4.8476488583E-05
         1.1940000000E+01         9.7689687450E-06
         1.1960000000E+01         1.7447833439E-04
         1.1980000000E+01         5.4154803167E-04
         1.2000000000E+01         1.1086212725E-03
         1.2020000000E+01         1.8720741494E-03
         1.2040000000E+01         2.8270342246E-03
         1.2060000000E+01         3.9673809482E-03
         1.2080000000E+01         5.2858513512E-03
         1.2100000000E+01         6.7739644049E-03
         1.2120000000E+01         8.4222241178E-03
         1.2140000000E+01         1.0220070578E-02
         1.2160000000E+01         1.2156058766E-02
         1.2180000000E+01         1.4217737070E-02
         1.2200000000E+01         1.6391932917E-02
         1.2220000000E+01         1.8664760981E-02
         1.2240000000E+01         2.1021657112E-02
         1.2260000000E+01         2.3447586015E-02
         1.2280000000E+01         2.5926994990E-02
         1.2300000000E+01         2.8444047063E-02
         1.2320000000E+01         3.0982623527E-02
         1.2340000000E+01         3.3526511667E-02
         1.2360000000E+01         3.6059349315E-02
         1.2380000000E+01         3.8565026651E-02
         1.2400000000E+01         4.1027536138E-02
         1.2420000000E+01         4.3430992524E-02
         1.2440000000E+01         4.5760212408E-02
         1.2460000000E+01         4.8000143646E-02
         1.2480000000E+01         5.0136518590E-02
         1.2500000000E+01         5.2155648587E-02
         1.2520000000E+01         5.4044644558E-02
         1.2540000000E+01         5.5791448721E-02
         1.2560000000E+01         5.7384771227E-02
         1.2580000000E+01         5.8814531141E-02
         1.2600000000E+01         6.0071576114E-02
         1.2620000000E+01         6.1147808663E-02
         1.2640000000E+01         6.2036331600E-02
         1.2660000000E+01         6.2731597365E-02
         1.2680000000E+01         6.3228942074E-02
         1.2700000000E+01         6.3525500633E-02
         1.2720000000E+01         6.3618947615E-02
         1.2740000000E+01         6.3509138086E-02
         1.2760000000E+01         6.3196441862E-02
         1.2780000000E+01         6.2683023764E-02
         1.2800000000E+01         6.1972018059E-02
         1.2820000000E+01         6.1068240685E-02
         1.2840000000E+01         5.9977176607E-02
         1.2860000000E+01         5.8705887654E-02
         1.2880000000E+01         5.7262714637E-02
         1.2900000000E+01         5.5656635459E-02
         1.2920000000E+01         5.3897993614E-02
         1.2940000000E+01         5.1998128524E-02
         1.2960000000E+01         4.9969056434E-02
         1.2980000000E+01         4.7823873175E-02
         1.3000000000E+01         4.5576244923E-02
         1.3020000000E+01         4.3240519530E-02
         1.3040000000E+01         4.0831698771E-02
         1.3060000000E+01         3.8365167604E-02
         1.3080000000E+01         3.5856715825E-02
         1.3100000000E+01         3.3322334050E-02
         1.3120000000E+01         3.0778315317E-02
         1.3140000000E+01         2.8240897135E-02
         1.3160000000E+01         2.5726304014E-02
         1.3180000000E+01         2.3250582247E-02
         1.3200000000E+01         2.0829638629E-02
         1.3220000000E+01         1.8478923598E-02
         1.3240000000E+01         1.6213509506E-02
         1.3260000000E+01         1.4047835873E-02
         1.3280000000E+01         1.1995780695E-02
         1.3300000000E+01         1.0070440271E-02
         1.3320000000E+01         8.2841902331E-03
         1.3340000000E+01         6.6484223587E-03
         1.3360000000E+01         5.1736254390E-03
         1.3380000000E+01         3.8691572797E-03
         1.3400000000E+01         2.7434356182E-03
         1.3420000000E+01         1.8036422911E-03
         1.3440000000E+01         1.0557809295E-03
         1.3460000000E+01         5.0465016914E-04
         1.3480000000E+01         1.5376116815E-04
         1.3500000000E+01         5.3631388481E-06
         1.3520000000E+01         6.0404248638E-05
         1.3540000000E+01         3.1853327956E-04
         1.3560000000E+01         7.7810030891E-04
         1.3580000000E+01         1.4361602077E-03
         1.3600000000E+01         2.2885031507E-03
         1.3620000000E+01         3.3296997755E-03
         1.3640000000E+01         4.5530445319E-03
         1.3660000000E+01         5.9507597515E-03
         1.3680000000E+01         7.5139139453E-03
         1.3700000000E+01         9.2324102046E-03
         1.3720000000E+01         1.1095372877E-02
         1.3740000000E+01         1.3090801552E-02
         1.3760000000E+01         1.5205955329E-02
         1.3780000000E+01         1.7427348769E-02
         1.3800000000E+01         1.9740757698E-02
         1.3820000000E+01         2.2131305239E-02
         1.3840000000E+01         2.4583798894E-02
         1.3860000000E+01         2.7082513671E-02
         1.3880000000E+01         2.9611382966E-02
         1.3900000000E+01         3.2154438940E-02
         1.3920000000E+01         3.4695184941E-02
         1.3940000000E+01         3.7217533719E-02
         1.3960000000E+01         3.9705234905E-02
         1.3980000000E+01         4.2142453970E-02
         1.4000000000E+01         4.4513563957E-02
         1.4020000000E+01         4.6803379463E-02
         1.4040000000E+01         4.8997398291E-02
         1.4060000000E+01         5.1081325902E-02
         1.4080000000E+01         5.3042045789E-02
         1.4100000000E+01         5.4866894302E-02
         1.4120000000E+01         5.6544331170E-02
         1.4140000000E+01         5.8063497342E-02
         1.4160000000E+01         5.9414630232E-02
         1.4180000000E+01         6.0589317709E-02
         1.4200000000E+01         6.1579886885E-02
         1.4220000000E+01         6.2379962001E-02
         1.4240000000E+01         6.2984534582E-02
         1.4260000000E+01         6.3389583570E-02
         1.4280000000E+01         6.3592713720E-02
         1.4300000000E+01         6.3592518709E-02
         1.4320000000E+01         6.3388951291E-02
         1.4340000000E+01         6.2983486517E-02
         1.4360000000E+01         6.2378518161E-02
         1.4380000000E+01         6.1578012109E-02
         1.4400000000E+01         6.0587128560E-02
         1.4420000000E+01         5.9412105881E-02
         1.4440000000E+01         5.8060590625E-02
         1.4460000000E+01         5.6541028441E-02
         1.4480000000E+01         5.4863323541E-02
         1.4500000000E+01         5.3038138415E-02
         1.4520000000E+01         5.1077186855E-02
         1.4540000000E+01         4.8992940636E-02
         1.4560000000E+01         4.6798772327E-02
         1.4580000000E+01         4.4508707717E-02
         1.4600000000E+01         4.2137482619E-02
         1.4620000000E+01         3.9700080418E-02
         1.4640000000E+01         3.7212245706E-02
         1.4660000000E+01         3.4689819347E-02
         1.4680000000E+01         3.2149000933E-02
         1.4700000000E+01         2.9606029993E-02
         1.4720000000E+01         2.7077070092E-02
         1.4740000000E+01         2.4578458127E-02
         1.4760000000E+01         2.2126010156E-02
         1.4780000000E+01         1.9735539506E-02
         1.4800000000E+01         1.7422278163E-02
         1.4820000000E+01         1.5201099240E-02
         1.4840000000E+01         1.3086138880E-02
         1.4860000000E+01         1.1090960106E-02
         1.4880000000E+01         9.2282644940E-03
         1.4900000000E+01         7.5100688441E-03
         1.4920000000E+01         5.9472672204E-03
         1.4940000000E+01         4.5499441423E-03
         1.4960000000E+01         3.3269605078E-03
         1.4980000000E+01         2.2862017149E-03
         1.5000000000E+01         1.4342899534E-03
         1.5020000000E+01         7.7669155325E-04
         1.5040000000E+01         3.1761812824E-04
         1.5060000000E+01         5.9998595573E-05
         1.5080000000E+01         5.4876124714E-06
         1.5100000000E+01         1.5443806337E-04
         1.5120000000E+01         5.0589675590E-04
         1.5140000000E+01         1.0576215242E-03
         1.5160000000E+01         1.8060727991E-03
         1.5180000000E+01         2.7464834530E-03
         1.5200000000E+01         3.8728522859E-03
         1.5220000000E+01         5.1779263762E-03
         1.5240000000E+01         6.6533828720E-03
         1.5260000000E+01         8.2898369809E-03
         1.5280000000E+01         1.0076766192E-02
         1.5300000000E+01         1.2002749745E-02
         1.5320000000E+01         1.4055486713E-02
         1.5340000000E+01         1.6221868440E-02
         1.5360000000E+01         1.8488058672E-02
         1.5380000000E+01         2.0839437126E-02
         1.5400000000E+01         2.3261106908E-02
         1.5420000000E+01         2.5737515140E-02
         1.5440000000E+01         2.8252844730E-02
         1.5460000000E+01         3.0790988436E-02
         1.5480000000E+01         3.3335759704E-02
         1.5500000000E+01         3.5870873237E-02
         1.5520000000E+01         3.8380057055E-02
         1.5540000000E+01         4.0847291956E-02
         1.5560000000E+01         4.3257010459E-02
         1.5580000000E+01         4.5593431947E-02
         1.5600000000E+01         4.7841835455E-02
         1.5620000000E+01         4.9987773267E-02
         1.5640000000E+01         5.2017703247E-02
         1.5660000000E+01         5.3918381149E-02
         1.5680000000E+01         5.5677850202E-02
         1.5700000000E+01         5.7284680746E-02
         1.5720000000E+01         5.8728776948E-02
         1.5740000000E+01         6.0000829723E-02
         1.5760000000E+01         6.1092689833E-02
         1.5780000000E+01         6.1997443719E-02
         1.5800000000E+01         6.2709215094E-02
         1.5820000000E+01         6.3223460033E-02
         1.5840000000E+01         6.3536980088E-02
         1.5860000000E+01         6.3647796713E-02
         1.5880000000E+01         6.3555126407E-02
         1.5900000000E+01         6.3259475621E-02
         1.5920000000E+01         6.2762939128E-02
         1.5940000000E+01         6.2068505730E-02
         1.5960000000E+01         6.1180798926E-02
         1.5980000000E+01         6.0105398011E-02
         1.6000000000E+01         5.8849191116E-02
         1.6020000000E+01         5.7420261130E-02
         1.6040000000E+01         5.5827676280E-02
         1.6060000000E+01         5.4081641457E-02
         1.6080000000E+01         5.2193332129E-02
         1.6100000000E+01         5.0174863069E-02
         1.6120000000E+01         4.8039072782E-02
         1.6140000000E+01         4.5799709427E-02
         1.6160000000E+01         4.3471005116E-02
         1.6180000000E+01         4.1067932390E-02
         1.6200000000E+01         3.8605724309E-02
         1.6220000000E+01         3.6100291196E-02
         1.6240000000E+01         3.3567589305E-02
         1.6260000000E+01         3.1023744560E-02
         1.6280000000E+01         2.8485081183E-02
         1.6300000000E+01         2.5967808109E-02
         1.6320000000E+01         2.3488014907E-02
         1.6340000000E+01         2.1061539072E-02
         1.6360000000E+01         1.8703917234E-02
         1.6380000000E+01         1.6430163374E-02
         1.6400000000E+01         1.4254848716E-02
         1.6420000000E+01         1.2191822377E-02
         1.6440000000E+01         1.0254298387E-02
         1.6460000000E+01         8.4546022451E-03
         1.6480000000E+01         6.8042423396E-03
         1.6500000000E+01         5.3137383967E-03
         1.6520000000E+01         3.9926097943E-03
         1.6540000000E+01         2.8492335588E-03
         1.6560000000E+01         1.8909277020E-03
         1.6580000000E+01         1.1237596765E-03
         1.6600000000E+01         5.5259781159E-04
         1.6620000000E+01         1.8104922675E-04
         1.6640000000E+01         1.1442835376E-05
         1.6660000000E+01         4.4815158029E-05
         1.6680000000E+01         2.8089820590E-04
         1.6700000000E+01         7.1813016413E-04
         1.6720000000E+01         1.3536414242E-03
         1.6740000000E+01         2.1833345671E-03
         1.6760000000E+01         3.2017951976E-03
         1.6780000000E+01         4.4024918038E-03
         1.6800000000E+01         5.7776217879E-03
         1.6820000000E+01         7.3183333328E-03
         1.6840000000E+01         9.0146914490E-03
         1.6860000000E+01         1.0855788009E-02
         1.6880000000E+01         1.2829736049E-02
         1.6900000000E+01         1.4923854470E-02
         1.6920000000E+01         1.7124622822E-02
         1.6940000000E+01         1.9417897943E-02
         1.6960000000E+01         2.1788870514E-02
         1.6980000000E+01         2.4222385756E-02
         1.7000000000E+01         2.6702580395E-02
         1.7020000000E+01         2.9213702143E-02
         1.7040000000E+01         3.1739434227E-02
         1.7060000000E+01         3.4263617530E-02
         1.7080000000E+01         3.6769962951E-02
         1.7100000000E+01         3.9242269211E-02
         1.7120000000E+01         4.1664645400E-02
         1.7140000000E+01         4.4021440006E-02
         1.7160000000E+01         4.6297532348E-02
         1.7180000000E+01         4.8478306533E-02
         1.7200000000E+01         5.0549511578E-02
         1.7220000000E+01         5.2497914118E-02
         1.7240000000E+01         5.4310881770E-02
         1.7260000000E+01         5.5976618293E-02
         1.7280000000E+01         5.7484612331E-02
         1.7300000000E+01         5.8824794990E-02
         1.7320000000E+01         5.9988672673E-02
         1.7340000000E+01         6.0968714702E-02
         1.7360000000E+01         6.1758331105E-02
         1.7380000000E+01         6.2352589817E-02
         1.7400000000E+01         6.2747561225E-02
         1.7420000000E+01         6.2940416669E-02
         1.7440000000E+01         6.2929999431E-02
         1.7460000000E+01         6.2716328907E-02
         1.7480000000E+01         6.2300662367E-02
         1.7500000000E+01         6.1685508475E-02
         1.7520000000E+01         6.0874856317E-02
         1.7540000000E+01         5.9873790124E-02
         1.7560000000E+01         5.8688603614E-02
         1.7580000000E+01         5.7326894081E-02
         1.7600000000E+01         5.5797473283E-02
         1.7620000000E+01         5.4109981984E-02
         1.7640000000E+01         5.2275312368E-02
         1.7660000000E+01         5.0305274998E-02
         1.7680000000E+01         4.8212441289E-02
         1.7700000000E+01         4.6010261693E-02
         1.7720000000E+01         4.3712884115E-02
         1.7740000000E+01         4.1335200344E-02
         1.7760000000E+01         3.8892614579E-02
         1.7780000000E+01         3.6400775468E-02
         1.7800000000E+01         3.3875845232E-02
         1.7820000000E+01         3.1334248410E-02
         1.7840000000E+01         2.8792456064E-02
         1.7860000000E+01         2.6267032790E-02
         1.7880000000E+01         2.3774385635E-02
         1.7900000000E+01         2.1330892060E-02
         1.7920000000E+01         1.8952494115E-02
         1.7940000000E+01         1.6654839843E-02
         1.7960000000E+01         1.4453183295E-02
         1.7980000000E+01         1.2362013800E-02
         1.8000000000E+01         1.0395304657E-02
         1.8020000000E+01         8.5662482935E-03
         1.8040000000E+01         6.8871550182E-03
         1.8060000000E+01         5.3695128015E-03
         1.8080000000E+01         4.0237425450E-03
         1.8100000000E+01         2.8592549970E-03
         1.8120000000E+01         1.8843943991E-03
         1.8140000000E+01         1.1063037305E-03
         1.8160000000E+01         5.3093822070E-04
         1.8180000000E+01         1.6302764553E-04
         1.8200000000E+01         6.0280855594E-06
         1.8220000000E+01         6.2116374836E-05
         1.8240000000E+01         3.3217371222E-04
         1.8260000000E+01         8.1578163740E-04
         1.8280000000E+01         1.5112148733E-03
         1.8300000000E+01         2.4154863611E-03
         1.8320000000E+01         3.5243539999E-03
         1.8340000000E+01         4.8322621944E-03
         1.8360000000E+01         6.3325855023E-03
         1.8380000000E+01         8.0174457058E-03
         1.8400000000E+01         9.8778296814E-03
         1.8420000000E+01         1.1903839184E-02
         1.8440000000E+01         1.4084473451E-02
         1.8460000000E+01         1.6407765597E-02
         1.8480000000E+01         1.8861063967E-02
         1.8500000000E+01         2.1430867071E-02
         1.8520000000E+01         2.4103017988E-02
         1.8540000000E+01         2.6862853745E-02
         1.8560000000E+01         2.9695030912E-02
         1.8580000000E+01         3.2584102596E-02
         1.8600000000E+01         3.5514048221E-02
         1.8620000000E+01         3.8468810981E-02
         1.8640000000E+01         4.1432232728E-02
         1.8660000000E+01         4.4388235958E-02
         1.8680000000E+01         4.7320542337E-02
         1.8700000000E+01         5.0213519176E-02
         1.8720000000E+01         5.3051564899E-02
         1.8740000000E+01         5.5819412771E-02
         1.8760000000E+01         5.8502580459E-02
         1.8780000000E+01         6.1086856480E-02
         1.8800000000E+01         6.3558921713E-02
         1.8820000000E+01         6.5906226425E-02
         1.8840000000E+01         6.8116707607E-02
         1.8860000000E+01         7.0179596587E-02
         1.8880000000E+01         7.2084734724E-02
         1.8900000000E+01         7.3823144538E-02
         1.8920000000E+01         7.5387036919E-02
         1.8940000000E+01         7.6769423727E-02
         1.8960000000E+01         7.7964591348E-02
         1.8980000000E+01         7.8967954335E-02
         1.9000000000E+01         7.9776265728E-02
         1.9020000000E+01         8.0386972495E-02
         1.9040000000E+01         8.0799398894E-02
         1.9060000000E+01         8.1013437025E-02
         1.9080000000E+01         8.1030511375E-02
         1.9100000000E+01         8.0853024670E-02
         1.9120000000E+01         8.0484586753E-02
         1.9140000000E+01         7.9929751668E-02
         1.9160000000E+01         7.9194060405E-02
         1.9180000000E+01         7.8284369668E-02
         1.9200000000E+01         7.7208237042E-02
         1.9220000000E+01         7.5973764437E-02
         1.9240000000E+01         7.4590247037E-02
         1.9260000000E+01         7.3067846766E-02
         1.9280000000E+01         7.1416799360E-02
         1.9300000000E+01         6.9648313162E-02
         1.9320000000E+01         6.7773779904E-02
         1.9340000000E+01         6.5805071219E-02
         1.9360000000E+01         6.3754708397E-02
         1.9380000000E+01         6.1634789801E-02
         1.9400000000E+01         5.9457758197E-02
         1.9420000000E+01         5.7236081712E-02
         1.9440000000E+01         5.4982420297E-02
         1.9460000000E+01         5.2708758001E-02
         1.9480000000E+01         5.0427055681E-02
         1.9500000000E+01         4.8149129202E-02
         1.9520000000E+01         4.5885968753E-02
         1.9540000000E+01         4.3648389731E-02
         1.9560000000E+01         4.1446639289E-02
         1.9580000000E+01         3.9290249528E-02
         1.9600000000E+01         3.7188177298E-02
         1.9620000000E+01         3.5148574180E-02
         1.9640000000E+01         3.3178916155E-02
         1.9660000000E+01         3.1286067875E-02
         1.9680000000E+01         2.9475978398E-02
         1.9700000000E+01         2.7753807282E-02
         1.9720000000E+01         2.6124028725E-02
         1.9740000000E+01         2.4590416904E-02
         1.9760000000E+01         2.3156181901E-02
         1.9780000000E+01         2.1823756909E-02
         1.9800000000E+01         2.0594948938E-02
         1.9820000000E+01         1.9471224845E-02
         1.9840000000E+01         1.8453839131E-02
         1.9860000000E+01         1.7543525591E-02
         1.9880000000E+01         1.6741056977E-02
         1.9900000000E+01         1.6047162900E-02
         1.9920000000E+01         1.5462895288E-02
         1.9940000000E+01         1.4989886867E-02
         1.9960000000E+01         1.4629693231E-02
         1.9980000000E+01         1.4385434336E-02
         2.0000000000E+01         1.4261552645E-02
