         2.0020000000E+01         2.0102872350E-01
         2.0040000000E+01         2.3401229417E-01
         2.0060000000E+01         2.6869727263E-01
         2.0080000000E+01         3.0486179841E-01
         2.0100000000E+01         3.4227456260E-01
         2.0120000000E+01         3.8069624185E-01
         2.0140000000E+01         4.1988100407E-01
         2.0160000000E+01         4.5957827606E-01
         2.0180000000E+01         4.9953408856E-01
         2.0200000000E+01         5.3949292098E-01
         2.0220000000E+01         5.7919915109E-01
         2.0240000000E+01         6.1839876201E-01
         2.0260000000E+01         6.5684097005E-01
         2.0280000000E+01         6.9427998254E-01
         2.0300000000E+01         7.3047625518E-01
         2.0320000000E+01         7.6519824182E-01
         2.0340000000E+01         7.9822391807E-01
         2.0360000000E+01         8.2934188026E-01
         2.0380000000E+01         8.5835331297E-01
         2.0400000000E+01         8.8507236759E-01
         2.0420000000E+01         9.0932837422E-01
         2.0440000000E+01         9.3096605715E-01
         2.0460000000E+01         9.4984707056E-01
         2.0480000000E+01         9.6585046045E-01
         2.0500000000E+01         9.7887411291E-01
         2.0520000000E+01         9.8883462558E-01
         2.0540000000E+01         9.9566821464E-01
         2.0560000000E+01         9.9933115212E-01
         2.0580000000E+01         9.9980010710E-01
         2.0600000000E+01         9.9707211220E-01
         2.0620000000E+01         9.9116458724E-01
         2.0640000000E+01         9.8211511655E-01
         2.0660000000E+01         9.6998188230E-01
         2.0680000000E+01         9.5484232450E-01
         2.0700000000E+01         9.3679336372E-01
         2.0720000000E+01         9.1595037913E-01
         2.0740000000E+01         8.9244678881E-01
         2.0760000000E+01         8.6643278097E-01
         2.0780000000E+01         8.3807496568E-01
         2.0800000000E+01         8.0755449447E-01
         2.0820000000E+01         7.7506684281E-01
         2.0840000000E+01         7.4081967469E-01
         2.0860000000E+01         7.0503208122E-01
         2.0880000000E+01         6.6793291468E-01
         2.0900000000E+01         6.2975965047E-01
         2.0920000000E+01         5.9075631779E-01
         2.0940000000E+01         5.5117239368E-01
         2.0960000000E+01         5.1126119726E-01
         2.0980000000E+01         4.7127801276E-01
         2.1000000000E+01         4.3147849620E-01
         2.1020000000E+01         3.9211727185E-01
         2.1040000000E+01         3.5344616065E-01
         2.1060000000E+01         3.1571253263E-01
         2.1080000000E+01         2.7915765524E-01
         2.1100000000E+01         2.4401540415E-01
         2.1120000000E+01         2.1051060425E-01
         2.1140000000E+01         1.7885755582E-01
         2.1160000000E+01         1.4925872497E-01
         2.1180000000E+01         1.2190343165E-01
         2.1200000000E+01         9.6966653067E-02
         2.1220000000E+01         7.4607936320E-02
         2.1240000000E+01         5.4970268337E-02
         2.1260000000E+01         3.8179267141E-02
         2.1280000000E+01         2.4342345307E-02
         2.1300000000E+01         1.3548009562E-02
         2.1320000000E+01         5.8653073736E-03
         2.1340000000E+01         1.3433800819E-03
         2.1360000000E+01         1.1153152671E-05
         2.1380000000E+01         1.8771484234E-03
         2.1400000000E+01         6.9294307005E-03
         2.1420000000E+01         1.5135680990E-02
         2.1440000000E+01         2.6443407739E-02
         2.1460000000E+01         4.0780283935E-02
         2.1480000000E+01         5.8054591031E-02
         2.1500000000E+01         7.8155853863E-02
         2.1520000000E+01         1.0095547382E-01
         2.1540000000E+01         1.2630761630E-01
         2.1560000000E+01         1.5405010198E-01
         2.1580000000E+01         1.8400549602E-01
         2.1600000000E+01         2.1598219228E-01
         2.1620000000E+01         2.4977559704E-01
         2.1640000000E+01         2.8516959256E-01
         2.1660000000E+01         3.2193778009E-01
         2.1680000000E+01         3.5984497656E-01
         2.1700000000E+01         3.9864866542E-01
         2.1720000000E+01         4.3810068922E-01
         2.1740000000E+01         4.7794861049E-01
         2.1760000000E+01         5.1793759892E-01
         2.1780000000E+01         5.5781182980E-01
         2.1800000000E+01         5.9731632689E-01
         2.1820000000E+01         6.3619826619E-01
         2.1840000000E+01         6.7420900146E-01
         2.1860000000E+01         7.1110550601E-01
         2.1880000000E+01         7.4665152516E-01
         2.1900000000E+01         7.8061987834E-01
         2.1920000000E+01         8.1279315087E-01
         2.1940000000E+01         8.4296566367E-01
         2.1960000000E+01         8.7094438671E-01
         2.1980000000E+01         8.9655033474E-01
         2.2000000000E+01         9.1961967372E-01
         2.2020000000E+01         9.4000493760E-01
         2.2040000000E+01         9.5757556774E-01
         2.2060000000E+01         9.7221938989E-01
         2.2080000000E+01         9.8384249427E-01
         2.2100000000E+01         9.9237080254E-01
         2.2120000000E+01         9.9774951991E-01
         2.2140000000E+01         9.9994432872E-01
         2.2160000000E+01         9.9894125060E-01
         2.2180000000E+01         9.9474668222E-01
         2.2200000000E+01         9.8738736886E-01
         2.2220000000E+01         9.7691045260E-01
         2.2240000000E+01         9.6338289230E-01
         2.2260000000E+01         9.4689137392E-01
         2.2280000000E+01         9.2754112993E-01
         2.2300000000E+01         9.0545620422E-01
         2.2320000000E+01         8.8077770569E-01
         2.2340000000E+01         8.5366349019E-01
         2.2360000000E+01         8.2428710343E-01
         2.2380000000E+01         7.9283630096E-01
         2.2400000000E+01         7.5951240720E-01
         2.2420000000E+01         7.2452846237E-01
         2.2440000000E+01         6.8810834665E-01
         2.2460000000E+01         6.5048503839E-01
         2.2480000000E+01         6.1189905709E-01
         2.2500000000E+01         5.7259732096E-01
         2.2520000000E+01         5.3283117568E-01
         2.2540000000E+01         4.9285507978E-01
         2.2560000000E+01         4.5292469611E-01
         2.2580000000E+01         4.1329533427E-01
         2.2600000000E+01         3.7422070859E-01
         2.2620000000E+01         3.3595059602E-01
         2.2640000000E+01         2.9872977836E-01
         2.2660000000E+01         2.6279649719E-01
         2.2680000000E+01         2.2838044540E-01
         2.2700000000E+01         1.9570185882E-01
         2.2720000000E+01         1.6496974018E-01
         2.2740000000E+01         1.3638066125E-01
         2.2760000000E+01         1.1011752504E-01
         2.2780000000E+01         8.6348289693E-02
         2.2800000000E+01         6.5225015879E-02
         2.2820000000E+01         4.6882819588E-02
         2.2840000000E+01         3.1439026485E-02
         2.2860000000E+01         1.8992422902E-02
         2.2880000000E+01         9.6226300399E-03
         2.2900000000E+01         3.3895767372E-03
         2.2920000000E+01         3.3313548668E-04
         2.2940000000E+01         4.7285684545E-04
         2.2960000000E+01         3.8078472528E-03
         2.2980000000E+01         1.0316774371E-02
         2.3000000000E+01         1.9957999999E-02
         2.3020000000E+01         3.2669861454E-02
         2.3040000000E+01         4.8371038915E-02
         2.3060000000E+01         6.6961095104E-02
         2.3080000000E+01         8.8321137060E-02
         2.3100000000E+01         1.1231449202E-01
         2.3120000000E+01         1.3878774678E-01
         2.3140000000E+01         1.6757148606E-01
         2.3160000000E+01         1.9848167603E-01
         2.3180000000E+01         2.3132051218E-01
         2.3200000000E+01         2.6587800407E-01
         2.3220000000E+01         3.0193309054E-01
         2.3240000000E+01         3.3925508271E-01
         2.3260000000E+01         3.7760534628E-01
         2.3280000000E+01         4.1673852470E-01
         2.3300000000E+01         4.5640423177E-01
         2.3320000000E+01         4.9634885342E-01
         2.3340000000E+01         5.3631680321E-01
         2.3360000000E+01         5.7605242912E-01
         2.3380000000E+01         6.1530165803E-01
         2.3400000000E+01         6.5381324931E-01
         2.3420000000E+01         6.9134102831E-01
         2.3440000000E+01         7.2764483316E-01
         2.3460000000E+01         7.6249252892E-01
         2.3480000000E+01         7.9566116019E-01
         2.3500000000E+01         8.2693858040E-01
         2.3520000000E+01         8.5612468564E-01
         2.3540000000E+01         8.8303276951E-01
         2.3560000000E+01         9.0749079534E-01
         2.3580000000E+01         9.2934225951E-01
         2.3600000000E+01         9.4844740417E-01
         2.3620000000E+01         9.6468404670E-01
         2.3640000000E+01         9.7794828763E-01
         2.3660000000E+01         9.8815528540E-01
         2.3680000000E+01         9.9523974215E-01
         2.3700000000E+01         9.9915635477E-01
         2.3720000000E+01         9.9988008669E-01
         2.3740000000E+01         9.9740622228E-01
         2.3760000000E+01         9.9175073543E-01
         2.3780000000E+01         9.8294973988E-01
         2.3800000000E+01         9.7105937051E-01
         2.3820000000E+01         9.5615591247E-01
         2.3840000000E+01         9.3833466820E-01
         2.3860000000E+01         9.1770957861E-01
         2.3880000000E+01         8.9441246663E-01
         2.3900000000E+01         8.6859255054E-01
         2.3920000000E+01         8.4041485071E-01
         2.3940000000E+01         8.1005971301E-01
         2.3960000000E+01         7.7772123885E-01
         2.3980000000E+01         7.4360621618E-01
         2.4000000000E+01         7.0793308258E-01
         2.4020000000E+01         6.7092974459E-01
         2.4040000000E+01         6.3283313041E-01
         2.4060000000E+01         5.9388683690E-01
         2.4080000000E+01         5.5433992170E-01
         2.4100000000E+01         5.1444543812E-01
         2.4120000000E+01         4.7445859711E-01
         2.4140000000E+01         4.3463509316E-01
         2.4160000000E+01         3.9522971496E-01
         2.4180000000E+01         3.5649450995E-01
         2.4200000000E+01         3.1867724989E-01
         2.4220000000E+01         2.8201986909E-01
         2.4240000000E+01         2.4675678670E-01
         2.4260000000E+01         2.1311357444E-01
         2.4280000000E+01         1.8130548621E-01
         2.4300000000E+01         1.5153595299E-01
         2.4320000000E+01         1.2399537476E-01
         2.4340000000E+01         9.8859964838E-02
         2.4360000000E+01         7.6290485052E-02
         2.4380000000E+01         5.6431287971E-02
         2.4400000000E+01         3.9409426079E-02
         2.4420000000E+01         2.5333766762E-02
         2.4440000000E+01         1.4294349586E-02
         2.4460000000E+01         6.3617941387E-03
         2.4480000000E+01         1.5868371176E-03
         2.4500000000E+01         2.3818550145E-08
         2.4520000000E+01         1.6115039328E-03
         2.4540000000E+01         6.4109696740E-03
         2.4560000000E+01         1.4367720878E-02
         2.4580000000E+01         2.5430860212E-02
         2.4600000000E+01         3.9529625900E-02
         2.4620000000E+01         5.6573826255E-02
         2.4640000000E+01         7.6454439474E-02
         2.4660000000E+01         9.9044307279E-02
         2.4680000000E+01         1.2419891086E-01
         2.4700000000E+01         1.5175737320E-01
         2.4720000000E+01         1.8154338823E-01
         2.4740000000E+01         2.1336644515E-01
         2.4760000000E+01         2.4702297772E-01
         2.4780000000E+01         2.8229769965E-01
         2.4800000000E+01         3.1896495807E-01
         2.4820000000E+01         3.5679022108E-01
         2.4840000000E+01         3.9553155987E-01
         2.4860000000E+01         4.3494115699E-01
         2.4880000000E+01         4.7476683815E-01
         2.4900000000E+01         5.1475402800E-01
         2.4920000000E+01         5.5464675959E-01
         2.4940000000E+01         5.9418997146E-01
         2.4960000000E+01         6.3313064006E-01
         2.4980000000E+01         6.7121979138E-01
         2.5000000000E+01         7.0821367898E-01
         2.5020000000E+01         7.4387576497E-01
         2.5040000000E+01         7.7797784500E-01
         2.5060000000E+01         8.1030181233E-01
         2.5080000000E+01         8.4064091154E-01
         2.5100000000E+01         8.6880105541E-01
         2.5120000000E+01         8.9460217033E-01
         2.5140000000E+01         9.1787912393E-01
         2.5160000000E+01         9.3848309785E-01
         2.5180000000E+01         9.5628227764E-01
         2.5200000000E+01         9.7116282571E-01
         2.5220000000E+01         9.8302954684E-01
         2.5240000000E+01         9.9180649320E-01
         2.5260000000E+01         9.9743755040E-01
         2.5280000000E+01         9.9988672137E-01
         2.5300000000E+01         9.9913837767E-01
         2.5320000000E+01         9.9519710826E-01
         2.5340000000E+01         9.8808844364E-01
         2.5360000000E+01         9.7785755855E-01
         2.5380000000E+01         9.6457001365E-01
         2.5400000000E+01         9.4831083740E-01
         2.5420000000E+01         9.2918406970E-01
         2.5440000000E+01         9.0731185155E-01
         2.5460000000E+01         8.8283430707E-01
         2.5480000000E+01         8.5590797680E-01
         2.5500000000E+01         8.2670494227E-01
         2.5520000000E+01         7.9541224568E-01
         2.5540000000E+01         7.6222975078E-01
         2.5560000000E+01         7.2737002634E-01
         2.5580000000E+01         6.9105580971E-01
         2.5600000000E+01         6.5351951342E-01
         2.5620000000E+01         6.1500122653E-01
         2.5640000000E+01         5.7574732046E-01
         2.5660000000E+01         5.3600895078E-01
         2.5680000000E+01         4.9604019549E-01
         2.5700000000E+01         4.5609677281E-01
         2.5720000000E+01         4.1643417254E-01
         2.5740000000E+01         3.7730611495E-01
         2.5760000000E+01         3.3896286832E-01
         2.5780000000E+01         3.0164973868E-01
         2.5800000000E+01         2.6560531618E-01
         2.5820000000E+01         2.3106024965E-01
         2.5840000000E+01         1.9823548351E-01
         2.5860000000E+01         1.6734100685E-01
         2.5880000000E+01         1.3857437491E-01
         2.5900000000E+01         1.1211964570E-01
         2.5920000000E+01         8.8146024655E-02
         2.5940000000E+01         6.6806878286E-02
         2.5960000000E+01         4.8238676055E-02
         2.5980000000E+01         3.2560206897E-02
         2.6000000000E+01         1.9871754676E-02
         2.6020000000E+01         1.0254488777E-02
         2.6040000000E+01         3.7699201127E-03
         2.6060000000E+01         4.5953119777E-04
         2.6080000000E+01         3.4449632191E-04
         2.6100000000E+01         3.4255515507E-03
         2.6120000000E+01         9.6829890712E-03
         2.6140000000E+01         1.9076779267E-02
         2.6160000000E+01         3.1546839281E-02
         2.6180000000E+01         4.7013399156E-02
         2.6200000000E+01         6.5377533185E-02
         2.6220000000E+01         8.6521757666E-02
         2.6240000000E+01         1.1031083423E-01
         2.6260000000E+01         1.3659259241E-01
         2.6280000000E+01         1.6519893377E-01
         2.6300000000E+01         1.9594683631E-01
         2.6320000000E+01         2.2863964100E-01
         2.6340000000E+01         2.6306825222E-01
         2.6360000000E+01         2.9901237411E-01
         2.6380000000E+01         3.3624215988E-01
         2.6400000000E+01         3.7451947576E-01
         2.6420000000E+01         4.1359934355E-01
         2.6440000000E+01         4.5323192805E-01
         2.6460000000E+01         4.9316371167E-01
         2.6480000000E+01         5.3313920210E-01
         2.6500000000E+01         5.7290264905E-01
         2.6520000000E+01         6.1219982071E-01
         2.6540000000E+01         6.5077930788E-01
         2.6560000000E+01         6.8839430167E-01
         2.6580000000E+01         7.2480422435E-01
         2.6600000000E+01         7.5977612983E-01
         2.6620000000E+01         7.9308649047E-01
         2.6640000000E+01         8.2452188821E-01
         2.6660000000E+01         8.5388162311E-01
         2.6680000000E+01         8.8097759902E-01
         2.6700000000E+01         9.0563674138E-01
         2.6720000000E+01         9.2770110454E-01
         2.6740000000E+01         9.4702965502E-01
         2.6760000000E+01         9.6349881665E-01
         2.6780000000E+01         9.7700309523E-01
         2.6800000000E+01         9.8745617264E-01
         2.6820000000E+01         9.9479118615E-01
         2.6840000000E+01         9.9896124108E-01
         2.6860000000E+01         9.9993971001E-01
         2.6880000000E+01         9.9772018292E-01
         2.6900000000E+01         9.9231701952E-01
         2.6920000000E+01         9.8376463633E-01
         2.6940000000E+01         9.7211784868E-01
         2.6960000000E+01         9.5745107248E-01
         2.6980000000E+01         9.3985821471E-01
         2.7000000000E+01         9.1945177482E-01
         2.7020000000E+01         8.9636219191E-01
         2.7040000000E+01         8.7073736667E-01
         2.7060000000E+01         8.4274100410E-01
         2.7080000000E+01         8.1255225981E-01
         2.7100000000E+01         7.8036428492E-01
         2.7120000000E+01         7.4638297289E-01
         2.7140000000E+01         7.1082560840E-01
         2.7160000000E+01         6.7391964050E-01
         2.7180000000E+01         6.3590123886E-01
         2.7200000000E+01         5.9701355382E-01
         2.7220000000E+01         5.5750524328E-01
         2.7240000000E+01         5.1762913439E-01
         2.7260000000E+01         4.7764028297E-01
         2.7280000000E+01         4.3779442011E-01
         2.7300000000E+01         3.9834641868E-01
         2.7320000000E+01         3.5954874816E-01
         2.7340000000E+01         3.2164943468E-01
         2.7360000000E+01         2.8489094599E-01
         2.7380000000E+01         2.4950842571E-01
         2.7400000000E+01         2.1572821347E-01
         2.7420000000E+01         1.8376636143E-01
         2.7440000000E+01         1.5382730875E-01
         2.7460000000E+01         1.2610260482E-01
         2.7480000000E+01         1.0076955803E-01
         2.7500000000E+01         7.7990223703E-02
         2.7520000000E+01         5.7910318448E-02
         2.7540000000E+01         4.0658272016E-02
         2.7560000000E+01         2.6344449264E-02
         2.7580000000E+01         1.5060402537E-02
         2.7600000000E+01         6.8783145316E-03
         2.7620000000E+01         1.8505221888E-03
         2.7640000000E+01         9.1867778898E-06
         2.7660000000E+01         1.3660864022E-03
         2.7680000000E+01         5.9125408735E-03
         2.7700000000E+01         1.3619469453E-02
         2.7720000000E+01         2.4437575214E-02
         2.7740000000E+01         3.8297650844E-02
         2.7760000000E+01         5.5111053398E-02
         2.7780000000E+01         7.4770228270E-02
         2.7800000000E+01         9.7149417926E-02
         2.7820000000E+01         1.2210546477E-01
         2.7840000000E+01         1.4947876723E-01
         2.7860000000E+01         1.7909418995E-01
         2.7880000000E+01         2.1076232879E-01
         2.7900000000E+01         2.4428060663E-01
         2.7920000000E+01         2.7943460088E-01
         2.7940000000E+01         3.1599946135E-01
         2.7960000000E+01         3.5374127757E-01
         2.7980000000E+01         3.9241871130E-01
         2.8000000000E+01         4.3178427042E-01
         2.8020000000E+01         4.7158616404E-01
         2.8040000000E+01         5.1156980859E-01
         2.8060000000E+01         5.5147946013E-01
         2.8080000000E+01         5.9105981156E-01
         2.8100000000E+01         6.3005772387E-01
         2.8120000000E+01         6.6822363845E-01
         2.8140000000E+01         7.0531355934E-01
         2.8160000000E+01         7.4109012922E-01
         2.8180000000E+01         7.7532455427E-01
         2.8200000000E+01         8.0779788081E-01
         2.8220000000E+01         8.3830231663E-01
         2.8240000000E+01         8.6664278092E-01
         2.8260000000E+01         8.9263795709E-01
         2.8280000000E+01         9.1612156572E-01
         2.8300000000E+01         9.3694349563E-01
         2.8320000000E+01         9.5497044452E-01
         2.8340000000E+01         9.7008711866E-01
         2.8360000000E+01         9.8219687007E-01
         2.8380000000E+01         9.9122220486E-01
         2.8400000000E+01         9.9710543049E-01
         2.8420000000E+01         9.9980873962E-01
         2.8440000000E+01         9.9931515318E-01
         2.8460000000E+01         9.9562756550E-01
         2.8480000000E+01         9.8876963484E-01
         2.8500000000E+01         9.7878522312E-01
         2.8520000000E+01         9.6573832225E-01
         2.8540000000E+01         9.4971223967E-01
         2.8560000000E+01         9.3080953016E-01
         2.8580000000E+01         9.0915104630E-01
         2.8600000000E+01         8.8487543203E-01
         2.8620000000E+01         8.5813796272E-01
         2.8640000000E+01         8.2910958627E-01
         2.8660000000E+01         7.9797606735E-01
         2.8680000000E+01         7.6493653101E-01
         2.8700000000E+01         7.3020229966E-01
         2.8720000000E+01         6.9399551646E-01
         2.8740000000E+01         6.5654786851E-01
         2.8760000000E+01         6.1809884295E-01
         2.8780000000E+01         5.7889434361E-01
         2.8800000000E+01         5.3918525214E-01
         2.8820000000E+01         4.9922542028E-01
         2.8840000000E+01         4.5927060517E-01
         2.8860000000E+01         4.1957631825E-01
         2.8880000000E+01         3.8039648550E-01
         2.8900000000E+01         3.4198171167E-01
         2.8920000000E+01         3.0457763167E-01
         2.8940000000E+01         2.6842366011E-01
         2.8960000000E+01         2.3375097256E-01
         2.8980000000E+01         2.0078137410E-01
         2.9000000000E+01         1.6972574787E-01
         2.9020000000E+01         1.4078275489E-01
         2.9040000000E+01         1.1413752065E-01
         2.9060000000E+01         8.9960497623E-02
         2.9080000000E+01         6.8406312958E-02
         2.9100000000E+01         4.9612864653E-02
         2.9120000000E+01         3.3700353813E-02
         2.9140000000E+01         2.0770574653E-02
         2.9160000000E+01         1.0906223059E-02
         2.9180000000E+01         4.1704030496E-03
         2.9200000000E+01         6.0620049650E-04
         2.9220000000E+01         2.3641417493E-04
         2.9240000000E+01         3.0634091321E-03
         2.9260000000E+01         9.0691028346E-03
         2.9280000000E+01         1.8215078987E-02
         2.9300000000E+01         3.0442830647E-02
         2.9320000000E+01         4.5674147524E-02
         2.9340000000E+01         6.3811602918E-02
         2.9360000000E+01         8.4739167026E-02
         2.9380000000E+01         1.0832298880E-01
         2.9400000000E+01         1.3441220852E-01
         2.9420000000E+01         1.6283994435E-01
         2.9440000000E+01         1.9342435339E-01
         2.9460000000E+01         2.2596978938E-01
         2.9480000000E+01         2.6026810260E-01
         2.9500000000E+01         2.9609985781E-01
         2.9520000000E+01         3.3323589591E-01
         2.9540000000E+01         3.7143864896E-01
         2.9560000000E+01         4.1046376432E-01
         2.9580000000E+01         4.5006162650E-01
         2.9600000000E+01         4.8997885308E-01
         2.9620000000E+01         5.2996022113E-01
         2.9640000000E+01         5.6974997896E-01
         2.9660000000E+01         6.0909351548E-01
         2.9680000000E+01         6.4773925247E-01
         2.9700000000E+01         6.8544000142E-01
         2.9720000000E+01         7.2195451499E-01
         2.9740000000E+01         7.5704925760E-01
         2.9760000000E+01         7.9049976879E-01
         2.9780000000E+01         8.2209217089E-01
         2.9800000000E+01         8.5162421014E-01
         2.9820000000E+01         8.7890699183E-01
         2.9840000000E+01         9.0376617753E-01
         2.9860000000E+01         9.2604251540E-01
         2.9880000000E+01         9.4559377289E-01
         2.9900000000E+01         9.6229471234E-01
         2.9920000000E+01         9.7603850518E-01
         2.9940000000E+01         9.8673721338E-01
         2.9960000000E+01         9.9432252456E-01
         2.9980000000E+01         9.9874589487E-01
         3.0000000000E+01         9.9997895732E-01
         3.0020000000E+01         9.9801394880E-01
         3.0040000000E+01         9.9286317793E-01
         3.0060000000E+01         9.8455991155E-01
         3.0080000000E+01         9.7315707811E-01
         3.0100000000E+01         9.5872765396E-01
         3.0120000000E+01         9.4136382926E-01
         3.0140000000E+01         9.2117689744E-01
         3.0160000000E+01         8.9829592248E-01
         3.0180000000E+01         8.7286710810E-01
         3.0200000000E+01         8.4505325092E-01
         3.0220000000E+01         8.1503216128E-01
         3.0240000000E+01         7.8299608562E-01
         3.0260000000E+01         7.4914964862E-01
         3.0280000000E+01         7.1370957050E-01
         3.0300000000E+01         6.7690250418E-01
         3.0320000000E+01         6.3896386836E-01
         3.0340000000E+01         6.0013628548E-01
         3.0360000000E+01         5.6066824209E-01
         3.0380000000E+01         5.2081210116E-01
         3.0400000000E+01         4.8082281661E-01
         3.0420000000E+01         4.4095622494E-01
         3.0440000000E+01         4.0146727706E-01
         3.0460000000E+01         3.6260863564E-01
         3.0480000000E+01         3.2462879881E-01
         3.0500000000E+01         2.8777073323E-01
         3.0520000000E+01         2.5227023281E-01
         3.0540000000E+01         2.1835435439E-01
         3.0560000000E+01         1.8624004636E-01
         3.0580000000E+01         1.5613274490E-01
         3.0600000000E+01         1.2822499438E-01
         3.0620000000E+01         1.0269535519E-01
         3.0640000000E+01         7.9707100618E-02
         3.0660000000E+01         5.9407286579E-02
         3.0680000000E+01         4.1925765581E-02
         3.0700000000E+01         2.7374352018E-02
         3.0720000000E+01         1.5846135386E-02
         3.0740000000E+01         7.4148477005E-03
         3.0760000000E+01         2.1344243730E-03
         3.0780000000E+01         3.8641657920E-05
         3.0800000000E+01         1.1409054582E-03
         3.0820000000E+01         5.4341653352E-03
         3.0840000000E+01         1.2890958663E-02
         3.0860000000E+01         2.3463584168E-02
         3.0880000000E+01         3.7084419991E-02
         3.0900000000E+01         5.3666339275E-02
         3.0920000000E+01         7.3103255972E-02
         3.0940000000E+01         9.5270864968E-02
         3.0960000000E+01         1.2002736464E-01
         3.0980000000E+01         1.4721439929E-01
         3.1000000000E+01         1.7665802784E-01
         3.1020000000E+01         2.0816997868E-01
         3.1040000000E+01         2.4154860014E-01
         3.1060000000E+01         2.7658044404E-01
         3.1080000000E+01         3.1304145435E-01
         3.1100000000E+01         3.5069831166E-01
         3.1120000000E+01         3.8931020328E-01
         3.1140000000E+01         4.2863013156E-01
         3.1160000000E+01         4.6840660045E-01
         3.1180000000E+01         5.0838513843E-01
         3.1200000000E+01         5.4831003467E-01
         3.1220000000E+01         5.8792593560E-01
         3.1240000000E+01         6.2697942326E-01
         3.1260000000E+01         6.6522062662E-01
         3.1280000000E+01         7.0240504391E-01
         3.1300000000E+01         7.3829467189E-01
         3.1320000000E+01         7.7266008686E-01
         3.1340000000E+01         8.0528136269E-01
         3.1360000000E+01         8.3594996664E-01
         3.1380000000E+01         8.6446952317E-01
         3.1400000000E+01         8.9065784535E-01
         3.1420000000E+01         9.1434716147E-01
         3.1440000000E+01         9.3538617776E-01
         3.1460000000E+01         9.5364021942E-01
         3.1480000000E+01         9.6899244870E-01
         3.1500000000E+01         9.8134471472E-01
         3.1520000000E+01         9.9061803282E-01
         3.1540000000E+01         9.9675302098E-01
         3.1560000000E+01         9.9971051746E-01
         3.1580000000E+01         9.9947158960E-01
         3.1600000000E+01         9.9603777823E-01
         3.1620000000E+01         9.8943103476E-01
         3.1640000000E+01         9.7969351281E-01
         3.1660000000E+01         9.6688768843E-01
         3.1680000000E+01         9.5109529915E-01
         3.1700000000E+01         9.3241746169E-01
         3.1720000000E+01         9.1097360714E-01
         3.1740000000E+01         8.8690089473E-01
         3.1760000000E+01         8.6035343551E-01
         3.1780000000E+01         8.3150085890E-01
         3.1800000000E+01         8.0052789082E-01
         3.1820000000E+01         7.6763255066E-01
         3.1840000000E+01         7.3302521118E-01
         3.1860000000E+01         6.9692737750E-01
         3.1880000000E+01         6.5956982767E-01
         3.1900000000E+01         6.2119155125E-01
         3.1920000000E+01         5.8203812890E-01
         3.1940000000E+01         5.4235990596E-01
         3.1960000000E+01         5.0241072477E-01
         3.1980000000E+01         4.6244616772E-01
         3.2000000000E+01         4.2272181119E-01
         3.2020000000E+01         3.8349172064E-01
         3.2040000000E+01         3.4500690129E-01
         3.2060000000E+01         3.0751355588E-01
         3.2080000000E+01         2.7125140934E-01
         3.2100000000E+01         2.3645250490E-01
         3.2120000000E+01         2.0333941596E-01
         3.2140000000E+01         1.7212391022E-01
         3.2160000000E+01         1.4300571097E-01
         3.2180000000E+01         1.1617105033E-01
         3.2200000000E+01         9.1791602685E-02
         3.2220000000E+01         7.0023277530E-02
         3.2240000000E+01         5.1005336315E-02
         3.2260000000E+01         3.4859431767E-02
         3.2280000000E+01         2.1688838526E-02
         3.2300000000E+01         1.1577806460E-02
         3.2320000000E+01         4.5910084346E-03
         3.2340000000E+01         7.7313748845E-04
         3.2360000000E+01         1.4861468981E-04
         3.2380000000E+01         2.7214346434E-03
         3.2400000000E+01         8.4751404262E-03
         3.2420000000E+01         1.7372926702E-02
         3.2440000000E+01         2.9357880650E-02
         3.2460000000E+01         4.4353340660E-02
         3.2480000000E+01         6.2263382008E-02
         3.2500000000E+01         8.2973439683E-02
         3.2520000000E+01         1.0635105513E-01
         3.2540000000E+01         1.3224666448E-01
         3.2560000000E+01         1.6049464135E-01
         3.2580000000E+01         1.9091430788E-01
         3.2600000000E+01         2.2331106982E-01
         3.2620000000E+01         2.5747766974E-01
         3.2640000000E+01         2.9319558284E-01
         3.2660000000E+01         3.3023637721E-01
         3.2680000000E+01         3.6836304032E-01
         3.2700000000E+01         4.0733175357E-01
         3.2720000000E+01         4.4689326470E-01
         3.2740000000E+01         4.8679444777E-01
         3.2760000000E+01         5.2678004003E-01
         3.2780000000E+01         5.6659444901E-01
         3.2800000000E+01         6.0598276179E-01
         3.2820000000E+01         6.4469316850E-01
         3.2840000000E+01         6.8247811580E-01
         3.2860000000E+01         7.1909579177E-01
         3.2880000000E+01         7.5431197937E-01
         3.2900000000E+01         7.8790140931E-01
         3.2920000000E+01         8.1964929594E-01
         3.2940000000E+01         8.4935249894E-01
         3.2960000000E+01         8.7682104444E-01
         3.2980000000E+01         9.0187926891E-01
         3.3000000000E+01         9.2436677865E-01
         3.3020000000E+01         9.4413978406E-01
         3.3040000000E+01         9.6107175298E-01
         3.3060000000E+01         9.7505452922E-01
         3.3080000000E+01         9.8599863761E-01
         3.3100000000E+01         9.9383392073E-01
         3.3120000000E+01         9.9851032267E-01
         3.3140000000E+01         9.9999807273E-01
         3.3160000000E+01         9.9828741527E-01
         3.3180000000E+01         9.9338951604E-01
         3.3200000000E+01         9.8533554134E-01
         3.3220000000E+01         9.7417712159E-01
         3.3240000000E+01         9.5998550663E-01
         3.3260000000E+01         9.4285159366E-01
         3.3280000000E+01         9.2288503748E-01
         3.3300000000E+01         9.0021335007E-01
         3.3320000000E+01         8.7498167645E-01
         3.3340000000E+01         8.4735143268E-01
         3.3360000000E+01         8.1749934220E-01
         3.3380000000E+01         7.8561625924E-01
         3.3400000000E+01         7.5190627291E-01
         3.3420000000E+01         7.1658497740E-01
         3.3440000000E+01         6.7987824509E-01
         3.3460000000E+01         6.4202084214E-01
         3.3480000000E+01         6.0325501795E-01
         3.3500000000E+01         5.6382874343E-01
         3.3520000000E+01         5.2399415279E-01
         3.3540000000E+01         4.8400617360E-01
         3.3560000000E+01         4.4412041705E-01
         3.3580000000E+01         4.0459205669E-01
         3.3600000000E+01         3.6567408962E-01
         3.3620000000E+01         3.2761525098E-01
         3.3640000000E+01         2.9065913825E-01
         3.3660000000E+01         2.5504210001E-01
         3.3680000000E+01         2.2099194782E-01
         3.3700000000E+01         1.8872646936E-01
         3.3720000000E+01         1.5845212079E-01
         3.3740000000E+01         1.3036247873E-01
         3.3760000000E+01         1.0463725832E-01
         3.3780000000E+01         8.1441029186E-02
         3.3800000000E+01         6.0922137694E-02
         3.3820000000E+01         4.3211850087E-02
         3.3840000000E+01         2.8423443059E-02
         3.3860000000E+01         1.6651516514E-02
         3.3880000000E+01         7.9713721049E-03
         3.3900000000E+01         2.4385322353E-03
         3.3920000000E+01         8.8387260799E-05
         3.3940000000E+01         9.3597056675E-04
         3.3960000000E+01         4.9758602101E-03
         3.3980000000E+01         1.2182215854E-02
         3.4000000000E+01         2.2508939752E-02
         3.4020000000E+01         3.5889976508E-02
         3.4040000000E+01         5.2239735548E-02
         3.4060000000E+01         7.1453621032E-02
         3.4080000000E+01         9.3408758376E-02
         3.4100000000E+01         1.1796467683E-01
         3.4120000000E+01         1.4496433998E-01
         3.4140000000E+01         1.7423499605E-01
         3.4160000000E+01         2.0558945177E-01
         3.4180000000E+01         2.3882710180E-01
         3.4200000000E+01         2.7373540561E-01
         3.4220000000E+01         3.1009102201E-01
         3.4240000000E+01         3.4766141036E-01
         3.4260000000E+01         3.8620620713E-01
         3.4280000000E+01         4.2547891101E-01
         3.4300000000E+01         4.6522832841E-01
         3.4320000000E+01         5.0520010171E-01
         3.4340000000E+01         5.4513867072E-01
         3.4360000000E+01         5.8478853990E-01
         3.4380000000E+01         6.2389592972E-01
         3.4400000000E+01         6.6221095471E-01
         3.4420000000E+01         6.9948831679E-01
         3.4440000000E+01         7.3548960659E-01
         3.4460000000E+01         7.6998452396E-01
         3.4480000000E+01         8.0275252276E-01
         3.4500000000E+01         8.3358402077E-01
         3.4520000000E+01         8.6228159317E-01
         3.4540000000E+01         8.8866189530E-01
         3.4560000000E+01         9.1255596510E-01
         3.4580000000E+01         9.3381119161E-01
         3.4600000000E+01         9.5229142078E-01
         3.4620000000E+01         9.6787860763E-01
         3.4640000000E+01         9.8047291693E-01
         3.4660000000E+01         9.8999391794E-01
         3.4680000000E+01         9.9638057755E-01
         3.4700000000E+01         9.9959203996E-01
         3.4720000000E+01         9.9960790953E-01
         3.4740000000E+01         9.9642797875E-01
         3.4760000000E+01         9.9007251017E-01
         3.4780000000E+01         9.8058232295E-01
         3.4800000000E+01         9.6801805951E-01
         3.4820000000E+01         9.5246010198E-01
         3.4840000000E+01         9.3400783256E-01
         3.4860000000E+01         9.1277947853E-01
         3.4880000000E+01         8.8891075752E-01
         3.4900000000E+01         8.6255425555E-01
         3.4920000000E+01         8.3387868736E-01
         3.4940000000E+01         8.0306745120E-01
         3.4960000000E+01         7.7031764364E-01
         3.4980000000E+01         7.3583865956E-01
         3.5000000000E+01         6.9985120874E-01
         3.5020000000E+01         6.6258529873E-01
         3.5040000000E+01         6.2427942207E-01
         3.5060000000E+01         5.8517857363E-01
         3.5080000000E+01         5.4553287940E-01
         3.5100000000E+01         5.0559594451E-01
         3.5120000000E+01         4.6562320957E-01
         3.5140000000E+01         4.2587033413E-01
         3.5160000000E+01         3.8659172091E-01
         3.5180000000E+01         3.4803846802E-01
         3.5200000000E+01         3.1045722855E-01
         3.5220000000E+01         2.7408844835E-01
         3.5240000000E+01         2.3916472378E-01
         3.5260000000E+01         2.0590946235E-01
         3.5280000000E+01         1.7453537402E-01
         3.5300000000E+01         1.4524314891E-01
         3.5320000000E+01         1.1822017142E-01
         3.5340000000E+01         9.3639262595E-02
         3.5360000000E+01         7.1657684313E-02
         3.5380000000E+01         5.2416028582E-02
         3.5400000000E+01         3.6037383674E-02
         3.5420000000E+01         2.2626516607E-02
         3.5440000000E+01         1.2269213203E-02
         3.5460000000E+01         5.0317202637E-03
         3.5480000000E+01         9.6033541679E-04
         3.5500000000E+01         8.1101479895E-05
         3.5520000000E+01         2.3996422175E-03
         3.5540000000E+01         7.9011270885E-03
         3.5560000000E+01         1.6550365735E-02
         3.5580000000E+01         2.8292032830E-02
         3.5600000000E+01         4.3051017863E-02
         3.5620000000E+01         6.0732920930E-02
         3.5640000000E+01         8.1224629349E-02
         3.5660000000E+01         1.0439507761E-01
         3.5680000000E+01         1.3009604530E-01
         3.5700000000E+01         1.5816313979E-01
         3.5720000000E+01         1.8841680121E-01
         3.5740000000E+01         2.2066356748E-01
         3.5760000000E+01         2.5469710542E-01
         3.5780000000E+01         2.9029975121E-01
         3.5800000000E+01         3.2724377599E-01
         3.5820000000E+01         3.6529281237E-01
         3.5840000000E+01         4.0420354645E-01
         3.5860000000E+01         4.4372702783E-01
         3.5880000000E+01         4.8361052576E-01
         3.5900000000E+01         5.2359884438E-01
         3.5920000000E+01         5.6343614217E-01
         3.5940000000E+01         6.0286773595E-01
         3.5960000000E+01         6.4164124010E-01
         3.5980000000E+01         6.7950883654E-01
         3.6000000000E+01         7.1622814182E-01
         3.6020000000E+01         7.5156426429E-01
         3.6040000000E+01         7.8529125717E-01
         3.6060000000E+01         8.1719345712E-01
         3.6080000000E+01         8.4706657531E-01
         3.6100000000E+01         8.7471980351E-01
         3.6120000000E+01         8.9997594797E-01
         3.6140000000E+01         9.2267372650E-01
         3.6160000000E+01         9.4266773288E-01
         3.6180000000E+01         9.5983021633E-01
         3.6200000000E+01         9.7405142185E-01
         3.6220000000E+01         9.8524025971E-01
         3.6240000000E+01         9.9332512711E-01
         3.6260000000E+01         9.9825456744E-01
         3.6280000000E+01         9.9999671457E-01
         3.6300000000E+01         9.9854068760E-01
         3.6320000000E+01         9.9389571362E-01
         3.6340000000E+01         9.8609148434E-01
         3.6360000000E+01         9.7517794810E-01
         3.6380000000E+01         9.6122479740E-01
         3.6400000000E+01         9.4432146278E-01
         3.6420000000E+01         9.2457589018E-01
         3.6440000000E+01         9.0211454091E-01
         3.6460000000E+01         8.7708111372E-01
         3.6480000000E+01         8.4963555100E-01
         3.6500000000E+01         8.1995360863E-01
         3.6520000000E+01         7.8822494316E-01
         3.6540000000E+01         7.5465264793E-01
         3.6560000000E+01         7.1945153429E-01
         3.6580000000E+01         6.8284657782E-01
         3.6600000000E+01         6.4507205995E-01
         3.6620000000E+01         6.0636957536E-01
         3.6640000000E+01         5.6698665093E-01
         3.6660000000E+01         5.2717535704E-01
         3.6680000000E+01         4.8719009268E-01
         3.6700000000E+01         4.4728688823E-01
         3.6720000000E+01         4.0772080123E-01
         3.6740000000E+01         3.6874500600E-01
         3.6760000000E+01         3.3060875517E-01
         3.6780000000E+01         2.9355606857E-01
         3.6800000000E+01         2.5782390531E-01
         3.6820000000E+01         2.2364085610E-01
         3.6840000000E+01         1.9122555510E-01
         3.6860000000E+01         1.6078534111E-01
         3.6880000000E+01         1.3251496927E-01
         3.6900000000E+01         1.0659522810E-01
         3.6920000000E+01         8.3191940327E-02
         3.6940000000E+01         6.2454810712E-02
         3.6960000000E+01         4.4516466334E-02
         3.6980000000E+01         2.9491665591E-02
         3.7000000000E+01         1.7476513535E-02
         3.7020000000E+01         8.5478664341E-03
         3.7040000000E+01         2.7628335471E-03
         3.7060000000E+01         1.5842158489E-04
         3.7080000000E+01         7.5129000247E-04
         3.7100000000E+01         4.5376461256E-03
         3.7120000000E+01         1.1493270052E-02
         3.7140000000E+01         2.1573671578E-02
         3.7160000000E+01         3.4714369300E-02
         3.7180000000E+01         5.0831300925E-02
         3.7200000000E+01         6.9821390934E-02
         3.7220000000E+01         9.1563140012E-02
         3.7240000000E+01         1.1591750334E-01
         3.7260000000E+01         1.4272868142E-01
         3.7280000000E+01         1.7182517586E-01
         3.7300000000E+01         2.0302087845E-01
         3.7320000000E+01         2.3611622199E-01
         3.7340000000E+01         2.7089952176E-01
         3.7360000000E+01         3.0714825951E-01
         3.7380000000E+01         3.4463061001E-01
         3.7400000000E+01         3.8310682839E-01
         3.7420000000E+01         4.2233070462E-01
         3.7440000000E+01         4.6205145082E-01
         3.7460000000E+01         5.0201488902E-01
         3.7480000000E+01         5.4196546476E-01
         3.7500000000E+01         5.8164762615E-01
         3.7520000000E+01         6.2080751670E-01
         3.7540000000E+01         6.5919461454E-01
         3.7560000000E+01         6.9656348180E-01
         3.7580000000E+01         7.3267490576E-01
         3.7600000000E+01         7.6729804682E-01
         3.7620000000E+01         8.0021145376E-01
         3.7640000000E+01         8.3120444727E-01
         3.7660000000E+01         8.6007893504E-01
         3.7680000000E+01         8.8665007748E-01
         3.7700000000E+01         9.1074803109E-01
         3.7720000000E+01         9.3221858514E-01
         3.7740000000E+01         9.5092442263E-01
         3.7760000000E+01         9.6674587080E-01
         3.7780000000E+01         9.7958169300E-01
         3.7800000000E+01         9.8934986145E-01
         3.7820000000E+01         9.9598788451E-01
         3.7840000000E+01         9.9945334653E-01
         3.7860000000E+01         9.9972388148E-01
         3.7880000000E+01         9.9679794609E-01
         3.7900000000E+01         9.9069417249E-01
         3.7920000000E+01         9.8145170363E-01
         3.7940000000E+01         9.6912951295E-01
         3.7960000000E+01         9.5380646074E-01
         3.7980000000E+01         9.3558068701E-01
         3.8000000000E+01         9.1456862264E-01
         3.8020000000E+01         8.9090474494E-01
         3.8040000000E+01         8.6474042821E-01
         3.8060000000E+01         8.3624299936E-01
         3.8080000000E+01         8.0559477297E-01
         3.8100000000E+01         7.7299181216E-01
         3.8120000000E+01         7.3864257463E-01
         3.8140000000E+01         7.0276690603E-01
         3.8160000000E+01         6.6559418993E-01
         3.8180000000E+01         6.2736218912E-01
         3.8200000000E+01         5.8831557536E-01
         3.8220000000E+01         5.4870399876E-01
         3.8240000000E+01         5.0878089533E-01
         3.8260000000E+01         4.6880163374E-01
         3.8280000000E+01         4.2902193330E-01
         3.8300000000E+01         3.8969624504E-01
         3.8320000000E+01         3.5107612411E-01
         3.8340000000E+01         3.1340862806E-01
         3.8360000000E+01         2.7693465179E-01
         3.8380000000E+01         2.4188755555E-01
         3.8400000000E+01         2.0849147427E-01
         3.8420000000E+01         1.7696006225E-01
         3.8440000000E+01         1.4749500245E-01
         3.8460000000E+01         1.2028477965E-01
         3.8480000000E+01         9.5503421030E-02
         3.8500000000E+01         7.3309473434E-02
         3.8520000000E+01         5.3844883465E-02
         3.8540000000E+01         3.7234166581E-02
         3.8560000000E+01         2.3583572067E-02
         3.8580000000E+01         1.2980412660E-02
         3.8600000000E+01         5.4925203426E-03
         3.8620000000E+01         1.1677868136E-03
         3.8640000000E+01         3.3877258391E-05
         3.8660000000E+01         2.0980447530E-03
         3.8680000000E+01         7.3470859743E-03
         3.8700000000E+01         1.5747423761E-02
         3.8720000000E+01         2.7245325282E-02
         3.8740000000E+01         4.1767244496E-02
         3.8760000000E+01         5.9220286425E-02
         3.8780000000E+01         7.9492823106E-02
         3.8800000000E+01         1.0245515444E-01
         3.8820000000E+01         1.2796042151E-01
         3.8840000000E+01         1.5584549324E-01
         3.8860000000E+01         1.8593194199E-01
         3.8880000000E+01         2.1802738578E-01
         3.8900000000E+01         2.5192648960E-01
         3.8920000000E+01         2.8741240397E-01
         3.8940000000E+01         3.2425817298E-01
         3.8960000000E+01         3.6222805828E-01
         3.8980000000E+01         4.0107924354E-01
         3.9000000000E+01         4.4056315777E-01
         3.9020000000E+01         4.8042726345E-01
         3.9040000000E+01         5.2041656644E-01
         3.9060000000E+01         5.6027533226E-01
         3.9080000000E+01         5.9974845847E-01
         3.9100000000E+01         6.3858357439E-01
         3.9120000000E+01         6.7653225405E-01
         3.9140000000E+01         7.1335166786E-01
         3.9160000000E+01         7.4880642449E-01
         3.9180000000E+01         7.8266964114E-01
         3.9200000000E+01         8.1472471303E-01
         3.9220000000E+01         8.4476662996E-01
         3.9240000000E+01         8.7260322682E-01
         3.9260000000E+01         8.9805641470E-01
         3.9280000000E+01         9.2096350268E-01
         3.9300000000E+01         9.4117769898E-01
         3.9320000000E+01         9.5857002860E-01
         3.9340000000E+01         9.7302897140E-01
         3.9360000000E+01         9.8446219792E-01
         3.9380000000E+01         9.9279642155E-01
         3.9400000000E+01         9.9797848758E-01
         3.9420000000E+01         9.9997520606E-01
         3.9440000000E+01         9.9877374018E-01
         3.9460000000E+01         9.9438185071E-01
         3.9480000000E+01         9.8682771755E-01
         3.9500000000E+01         9.7615939720E-01
         3.9520000000E+01         9.6244528324E-01
         3.9540000000E+01         9.4577317093E-01
         3.9560000000E+01         9.2624963984E-01
         3.9580000000E+01         9.0399954527E-01
         3.9600000000E+01         8.7916515994E-01
         3.9620000000E+01         8.5190544814E-01
         3.9640000000E+01         8.2239478269E-01
         3.9660000000E+01         7.9082184042E-01
         3.9680000000E+01         7.5738870561E-01
         3.9700000000E+01         7.2230915365E-01
         3.9720000000E+01         6.8580750557E-01
         3.9740000000E+01         6.4811733755E-01
         3.9760000000E+01         6.0947976039E-01
         3.9780000000E+01         5.7014186182E-01
         3.9800000000E+01         5.3035536995E-01
         3.9820000000E+01         4.9037464174E-01
         3.9840000000E+01         4.5045547208E-01
         3.9860000000E+01         4.1085319231E-01
         3.9880000000E+01         3.7182122229E-01
         3.9900000000E+01         3.3360909507E-01
         3.9920000000E+01         2.9646137963E-01
         3.9940000000E+01         2.6061553977E-01
         3.9960000000E+01         2.2630096737E-01
         3.9980000000E+01         1.9373714539E-01
         4.0000000000E+01         1.6313235588E-01
